0.000000 0.000500
0.001000 1.000250
0.002000 0.501125
0.003000 0.253556
0.004000 0.134666
0.005000 0.085897
0.006000 0.077874
0.007000 0.083881
0.008000 0.089627
0.009000 0.095022
0.010000 0.100130
0.011000 0.104994
0.012000 0.109643
0.013000 0.114105
0.014000 0.118400
0.015000 0.122545
0.016000 0.126555
0.017000 0.130442
0.018000 0.134217
0.019000 0.137889
0.020000 0.141467
0.021000 0.144956
0.022000 0.148363
0.023000 0.151694
0.024000 0.154954
0.025000 0.158146
0.026000 0.161276
0.027000 0.164345
0.028000 0.167359
0.029000 0.170320
0.030000 0.173230
0.031000 0.176091
0.032000 0.178908
0.033000 0.181680
0.034000 0.184411
0.035000 0.187102
0.036000 0.189755
0.037000 0.192372
0.038000 0.194953
0.039000 0.197501
0.040000 0.200016
0.041000 0.202500
0.042000 0.204954
0.043000 0.207379
0.044000 0.209775
0.045000 0.212145
0.046000 0.214489
0.047000 0.216807
0.048000 0.219101
0.049000 0.221371
0.050000 0.223618
0.051000 0.225843
0.052000 0.228046
0.053000 0.230228
0.054000 0.232389
0.055000 0.234531
0.056000 0.236653
0.057000 0.238756
0.058000 0.240841
0.059000 0.242908
0.060000 0.244958
0.061000 0.246990
0.062000 0.249006
0.063000 0.251006
0.064000 0.252990
0.065000 0.254959
0.066000 0.256912
0.067000 0.258851
0.068000 0.260775
0.069000 0.262685
0.070000 0.264582
0.071000 0.266465
0.072000 0.268335
0.073000 0.270192
0.074000 0.272036
0.075000 0.273867
0.076000 0.275687
0.077000 0.277495
0.078000 0.279291
0.079000 0.281075
0.080000 0.282848
0.081000 0.284610
0.082000 0.286362
0.083000 0.288102
0.084000 0.289833
0.085000 0.291553
0.086000 0.293263
0.087000 0.294963
0.088000 0.296653
0.089000 0.298333
0.090000 0.300005
0.091000 0.301667
0.092000 0.303320
0.093000 0.304963
0.094000 0.306599
0.095000 0.308225
0.096000 0.309843
0.097000 0.311452
0.098000 0.313054
0.099000 0.314647
0.100000 0.316232
0.101000 0.317809
0.102000 0.319378
0.103000 0.320940
0.104000 0.322494
0.105000 0.324041
0.106000 0.325580
0.107000 0.327112
0.108000 0.328637
0.109000 0.330155
0.110000 0.331666
0.111000 0.333170
0.112000 0.334667
0.113000 0.336158
0.114000 0.337642
0.115000 0.339120
0.116000 0.340591
0.117000 0.342056
0.118000 0.343514
0.119000 0.344967
0.120000 0.346413
0.121000 0.347854
0.122000 0.349288
0.123000 0.350716
0.124000 0.352139
0.125000 0.353556
0.126000 0.354968
0.127000 0.356373
0.128000 0.357774
0.129000 0.359168
0.130000 0.360558
0.131000 0.361942
0.132000 0.363321
0.133000 0.364694
0.134000 0.366063
0.135000 0.367426
0.136000 0.368784
0.137000 0.370138
0.138000 0.371486
0.139000 0.372829
0.140000 0.374168
0.141000 0.375502
0.142000 0.376831
0.143000 0.378156
0.144000 0.379476
0.145000 0.380791
0.146000 0.382102
0.147000 0.383408
0.148000 0.384710
0.149000 0.386007
0.150000 0.387300
0.151000 0.388589
0.152000 0.389874
0.153000 0.391154
0.154000 0.392430
0.155000 0.393702
0.156000 0.394970
0.157000 0.396234
0.158000 0.397494
0.159000 0.398750
0.160000 0.400002
0.161000 0.401250
0.162000 0.402494
0.163000 0.403734
0.164000 0.404971
0.165000 0.406204
0.166000 0.407433
0.167000 0.408658
0.168000 0.409880
0.169000 0.411098
0.170000 0.412312
0.171000 0.413523
0.172000 0.414731
0.173000 0.415934
0.174000 0.417135
0.175000 0.418332
0.176000 0.419525
0.177000 0.420715
0.178000 0.421902
0.179000 0.423086
0.180000 0.424266
0.181000 0.425443
0.182000 0.426616
0.183000 0.427787
0.184000 0.428954
0.185000 0.430118
0.186000 0.431279
0.187000 0.432437
0.188000 0.433591
0.189000 0.434743
0.190000 0.435891
0.191000 0.437037
0.192000 0.438180
0.193000 0.439319
0.194000 0.440456
0.195000 0.441589
0.196000 0.442720
0.197000 0.443848
0.198000 0.444973
0.199000 0.446096
0.200000 0.447215
0.201000 0.448332
0.202000 0.449445
0.203000 0.450557
0.204000 0.451665
0.205000 0.452771
0.206000 0.453874
0.207000 0.454974
0.208000 0.456071
0.209000 0.457166
0.210000 0.458259
0.211000 0.459349
0.212000 0.460436
0.213000 0.461521
0.214000 0.462603
0.215000 0.463682
0.216000 0.464759
0.217000 0.465834
0.218000 0.466906
0.219000 0.467976
0.220000 0.469043
0.221000 0.470108
0.222000 0.471170
0.223000 0.472230
0.224000 0.473288
0.225000 0.474343
0.226000 0.475396
0.227000 0.476446
0.228000 0.477495
0.229000 0.478541
0.230000 0.479584
0.231000 0.480626
0.232000 0.481665
0.233000 0.482702
0.234000 0.483737
0.235000 0.484769
0.236000 0.485799
0.237000 0.486828
0.238000 0.487854
0.239000 0.488877
0.240000 0.489899
0.241000 0.490919
0.242000 0.491936
0.243000 0.492951
0.244000 0.493965
0.245000 0.494976
0.246000 0.495985
0.247000 0.496992
0.248000 0.497997
0.249000 0.499000
0.250000 0.500001
0.251000 0.501000
0.252000 0.501997
0.253000 0.502992
0.254000 0.503985
0.255000 0.504976
0.256000 0.505965
0.257000 0.506953
0.258000 0.507938
0.259000 0.508921
0.260000 0.509903
0.261000 0.510883
0.262000 0.511860
0.263000 0.512836
0.264000 0.513810
0.265000 0.514782
0.266000 0.515753
0.267000 0.516721
0.268000 0.517688
0.269000 0.518653
0.270000 0.519616
0.271000 0.520577
0.272000 0.521537
0.273000 0.522495
0.274000 0.523451
0.275000 0.524405
0.276000 0.525358
0.277000 0.526309
0.278000 0.527258
0.279000 0.528205
0.280000 0.529151
0.281000 0.530095
0.282000 0.531038
0.283000 0.531978
0.284000 0.532917
0.285000 0.533855
0.286000 0.534790
0.287000 0.535725
0.288000 0.536657
0.289000 0.537588
0.290000 0.538517
0.291000 0.539445
0.292000 0.540371
0.293000 0.541296
0.294000 0.542218
0.295000 0.543140
0.296000 0.544060
0.297000 0.544978
0.298000 0.545895
0.299000 0.546810
0.300000 0.547723
0.301000 0.548635
0.302000 0.549546
0.303000 0.550455
0.304000 0.551363
0.305000 0.552269
0.306000 0.553173
0.307000 0.554077
0.308000 0.554978
0.309000 0.555878
0.310000 0.556777
0.311000 0.557674
0.312000 0.558570
0.313000 0.559465
0.314000 0.560358
0.315000 0.561249
0.316000 0.562139
0.317000 0.563028
0.318000 0.563916
0.319000 0.564802
0.320000 0.565686
0.321000 0.566569
0.322000 0.567451
0.323000 0.568332
0.324000 0.569211
0.325000 0.570088
0.326000 0.570965
0.327000 0.571840
0.328000 0.572714
0.329000 0.573586
0.330000 0.574457
0.331000 0.575327
0.332000 0.576195
0.333000 0.577062
0.334000 0.577928
0.335000 0.578792
0.336000 0.579656
0.337000 0.580518
0.338000 0.581378
0.339000 0.582238
0.340000 0.583096
0.341000 0.583953
0.342000 0.584808
0.343000 0.585663
0.344000 0.586516
0.345000 0.587368
0.346000 0.588218
0.347000 0.589068
0.348000 0.589916
0.349000 0.590763
0.350000 0.591609
0.351000 0.592453
0.352000 0.593296
0.353000 0.594139
0.354000 0.594980
0.355000 0.595819
0.356000 0.596658
0.357000 0.597495
0.358000 0.598332
0.359000 0.599167
0.360000 0.600001
0.361000 0.600833
0.362000 0.601665
0.363000 0.602495
0.364000 0.603325
0.365000 0.604153
0.366000 0.604980
0.367000 0.605806
0.368000 0.606631
0.369000 0.607454
0.370000 0.608277
0.371000 0.609098
0.372000 0.609919
0.373000 0.610738
0.374000 0.611556
0.375000 0.612373
0.376000 0.613189
0.377000 0.614004
0.378000 0.614818
0.379000 0.615630
0.380000 0.616442
0.381000 0.617253
0.382000 0.618062
0.383000 0.618870
0.384000 0.619678
0.385000 0.620484
0.386000 0.621290
0.387000 0.622094
0.388000 0.622897
0.389000 0.623699
0.390000 0.624500
0.391000 0.625300
0.392000 0.626100
0.393000 0.626898
0.394000 0.627695
0.395000 0.628491
0.396000 0.629286
0.397000 0.630080
0.398000 0.630873
0.399000 0.631665
0.400000 0.632456
0.401000 0.633246
0.402000 0.634035
0.403000 0.634823
0.404000 0.635610
0.405000 0.636397
0.406000 0.637182
0.407000 0.637966
0.408000 0.638749
0.409000 0.639532
0.410000 0.640313
0.411000 0.641093
0.412000 0.641873
0.413000 0.642651
0.414000 0.643429
0.415000 0.644205
0.416000 0.644981
0.417000 0.645756
0.418000 0.646530
0.419000 0.647303
0.420000 0.648075
0.421000 0.648846
0.422000 0.649616
0.423000 0.650385
0.424000 0.651153
0.425000 0.651921
0.426000 0.652687
0.427000 0.653453
0.428000 0.654218
0.429000 0.654981
0.430000 0.655744
0.431000 0.656506
0.432000 0.657268
0.433000 0.658028
0.434000 0.658787
0.435000 0.659546
0.436000 0.660303
0.437000 0.661060
0.438000 0.661816
0.439000 0.662571
0.440000 0.663325
0.441000 0.664079
0.442000 0.664831
0.443000 0.665583
0.444000 0.666334
0.445000 0.667084
0.446000 0.667833
0.447000 0.668581
0.448000 0.669328
0.449000 0.670075
0.450000 0.670821
0.451000 0.671566
0.452000 0.672310
0.453000 0.673053
0.454000 0.673796
0.455000 0.674537
0.456000 0.675278
0.457000 0.676018
0.458000 0.676757
0.459000 0.677496
0.460000 0.678233
0.461000 0.678970
0.462000 0.679706
0.463000 0.680441
0.464000 0.681176
0.465000 0.681909
0.466000 0.682642
0.467000 0.683374
0.468000 0.684106
0.469000 0.684836
0.470000 0.685566
0.471000 0.686295
0.472000 0.687023
0.473000 0.687750
0.474000 0.688477
0.475000 0.689203
0.476000 0.689928
0.477000 0.690652
0.478000 0.691376
0.479000 0.692099
0.480000 0.692821
0.481000 0.693542
0.482000 0.694263
0.483000 0.694982
0.484000 0.695701
0.485000 0.696420
0.486000 0.697137
0.487000 0.697854
0.488000 0.698570
0.489000 0.699286
0.490000 0.700000
0.491000 0.700714
0.492000 0.701427
0.493000 0.702140
0.494000 0.702852
0.495000 0.703563
0.496000 0.704273
0.497000 0.704983
0.498000 0.705692
0.499000 0.706400
0.500000 0.707107
0.501000 0.707814
0.502000 0.708520
0.503000 0.709225
0.504000 0.709930
0.505000 0.710634
0.506000 0.711337
0.507000 0.712040
0.508000 0.712742
0.509000 0.713443
0.510000 0.714143
0.511000 0.714843
0.512000 0.715542
0.513000 0.716241
0.514000 0.716938
0.515000 0.717635
0.516000 0.718332
0.517000 0.719027
0.518000 0.719723
0.519000 0.720417
0.520000 0.721111
0.521000 0.721804
0.522000 0.722496
0.523000 0.723188
0.524000 0.723879
0.525000 0.724569
0.526000 0.725259
0.527000 0.725948
0.528000 0.726636
0.529000 0.727324
0.530000 0.728011
0.531000 0.728698
0.532000 0.729384
0.533000 0.730069
0.534000 0.730753
0.535000 0.731437
0.536000 0.732121
0.537000 0.732803
0.538000 0.733485
0.539000 0.734167
0.540000 0.734847
0.541000 0.735527
0.542000 0.736207
0.543000 0.736886
0.544000 0.737564
0.545000 0.738241
0.546000 0.738918
0.547000 0.739595
0.548000 0.740271
0.549000 0.740946
0.550000 0.741620
0.551000 0.742294
0.552000 0.742967
0.553000 0.743640
0.554000 0.744312
0.555000 0.744984
0.556000 0.745654
0.557000 0.746325
0.558000 0.746994
0.559000 0.747663
0.560000 0.748332
0.561000 0.749000
0.562000 0.749667
0.563000 0.750334
0.564000 0.751000
0.565000 0.751665
0.566000 0.752330
0.567000 0.752994
0.568000 0.753658
0.569000 0.754321
0.570000 0.754984
0.571000 0.755646
0.572000 0.756307
0.573000 0.756968
0.574000 0.757628
0.575000 0.758288
0.576000 0.758947
0.577000 0.759605
0.578000 0.760263
0.579000 0.760921
0.580000 0.761578
0.581000 0.762234
0.582000 0.762890
0.583000 0.763545
0.584000 0.764199
0.585000 0.764853
0.586000 0.765507
0.587000 0.766160
0.588000 0.766812
0.589000 0.767464
0.590000 0.768115
0.591000 0.768766
0.592000 0.769416
0.593000 0.770065
0.594000 0.770714
0.595000 0.771363
0.596000 0.772011
0.597000 0.772658
0.598000 0.773305
0.599000 0.773951
0.600000 0.774597
0.601000 0.775242
0.602000 0.775887
0.603000 0.776531
0.604000 0.777175
0.605000 0.777818
0.606000 0.778460
0.607000 0.779102
0.608000 0.779744
0.609000 0.780385
0.610000 0.781025
0.611000 0.781665
0.612000 0.782305
0.613000 0.782943
0.614000 0.783582
0.615000 0.784220
0.616000 0.784857
0.617000 0.785494
0.618000 0.786130
0.619000 0.786766
0.620000 0.787401
0.621000 0.788036
0.622000 0.788670
0.623000 0.789304
0.624000 0.789937
0.625000 0.790570
0.626000 0.791202
0.627000 0.791834
0.628000 0.792465
0.629000 0.793095
0.630000 0.793726
0.631000 0.794355
0.632000 0.794985
0.633000 0.795613
0.634000 0.796241
0.635000 0.796869
0.636000 0.797496
0.637000 0.798123
0.638000 0.798749
0.639000 0.799375
0.640000 0.800000
0.641000 0.800625
0.642000 0.801249
0.643000 0.801873
0.644000 0.802496
0.645000 0.803119
0.646000 0.803741
0.647000 0.804363
0.648000 0.804985
0.649000 0.805606
0.650000 0.806226
0.651000 0.806846
0.652000 0.807465
0.653000 0.808084
0.654000 0.808703
0.655000 0.809321
0.656000 0.809939
0.657000 0.810556
0.658000 0.811172
0.659000 0.811788
0.660000 0.812404
0.661000 0.813019
0.662000 0.813634
0.663000 0.814248
0.664000 0.814862
0.665000 0.815476
0.666000 0.816088
0.667000 0.816701
0.668000 0.817313
0.669000 0.817924
0.670000 0.818536
0.671000 0.819146
0.672000 0.819756
0.673000 0.820366
0.674000 0.820975
0.675000 0.821584
0.676000 0.822192
0.677000 0.822800
0.678000 0.823408
0.679000 0.824015
0.680000 0.824621
0.681000 0.825227
0.682000 0.825833
0.683000 0.826438
0.684000 0.827043
0.685000 0.827647
0.686000 0.828251
0.687000 0.828855
0.688000 0.829458
0.689000 0.830060
0.690000 0.830663
0.691000 0.831264
0.692000 0.831866
0.693000 0.832466
0.694000 0.833067
0.695000 0.833667
0.696000 0.834266
0.697000 0.834865
0.698000 0.835464
0.699000 0.836062
0.700000 0.836660
0.701000 0.837258
0.702000 0.837855
0.703000 0.838451
0.704000 0.839047
0.705000 0.839643
0.706000 0.840238
0.707000 0.840833
0.708000 0.841428
0.709000 0.842022
0.710000 0.842615
0.711000 0.843208
0.712000 0.843801
0.713000 0.844393
0.714000 0.844985
0.715000 0.845577
0.716000 0.846168
0.717000 0.846759
0.718000 0.847349
0.719000 0.847939
0.720000 0.848528
0.721000 0.849117
0.722000 0.849706
0.723000 0.850294
0.724000 0.850882
0.725000 0.851470
0.726000 0.852057
0.727000 0.852643
0.728000 0.853229
0.729000 0.853815
0.730000 0.854401
0.731000 0.854986
0.732000 0.855570
0.733000 0.856154
0.734000 0.856738
0.735000 0.857322
0.736000 0.857905
0.737000 0.858487
0.738000 0.859069
0.739000 0.859651
0.740000 0.860233
0.741000 0.860814
0.742000 0.861394
0.743000 0.861975
0.744000 0.862555
0.745000 0.863134
0.746000 0.863713
0.747000 0.864292
0.748000 0.864870
0.749000 0.865448
0.750000 0.866026
0.751000 0.866603
0.752000 0.867180
0.753000 0.867756
0.754000 0.868332
0.755000 0.868908
0.756000 0.869483
0.757000 0.870058
0.758000 0.870632
0.759000 0.871206
0.760000 0.871780
0.761000 0.872353
0.762000 0.872926
0.763000 0.873499
0.764000 0.874071
0.765000 0.874643
0.766000 0.875214
0.767000 0.875786
0.768000 0.876356
0.769000 0.876927
0.770000 0.877497
0.771000 0.878066
0.772000 0.878635
0.773000 0.879204
0.774000 0.879773
0.775000 0.880341
0.776000 0.880909
0.777000 0.881476
0.778000 0.882043
0.779000 0.882610
0.780000 0.883176
0.781000 0.883742
0.782000 0.884308
0.783000 0.884873
0.784000 0.885438
0.785000 0.886002
0.786000 0.886567
0.787000 0.887130
0.788000 0.887694
0.789000 0.888257
0.790000 0.888820
0.791000 0.889382
0.792000 0.889944
0.793000 0.890506
0.794000 0.891067
0.795000 0.891628
0.796000 0.892188
0.797000 0.892749
0.798000 0.893309
0.799000 0.893868
0.800000 0.894427
0.801000 0.894986
0.802000 0.895545
0.803000 0.896103
0.804000 0.896661
0.805000 0.897218
0.806000 0.897775
0.807000 0.898332
0.808000 0.898888
0.809000 0.899444
0.810000 0.900000
0.811000 0.900556
0.812000 0.901111
0.813000 0.901665
0.814000 0.902220
0.815000 0.902774
0.816000 0.903327
0.817000 0.903881
0.818000 0.904434
0.819000 0.904986
0.820000 0.905539
0.821000 0.906091
0.822000 0.906642
0.823000 0.907194
0.824000 0.907745
0.825000 0.908295
0.826000 0.908846
0.827000 0.909396
0.828000 0.909945
0.829000 0.910495
0.830000 0.911044
0.831000 0.911592
0.832000 0.912141
0.833000 0.912689
0.834000 0.913236
0.835000 0.913784
0.836000 0.914331
0.837000 0.914877
0.838000 0.915424
0.839000 0.915970
0.840000 0.916515
0.841000 0.917061
0.842000 0.917606
0.843000 0.918150
0.844000 0.918695
0.845000 0.919239
0.846000 0.919783
0.847000 0.920326
0.848000 0.920869
0.849000 0.921412
0.850000 0.921955
0.851000 0.922497
0.852000 0.923039
0.853000 0.923580
0.854000 0.924121
0.855000 0.924662
0.856000 0.925203
0.857000 0.925743
0.858000 0.926283
0.859000 0.926823
0.860000 0.927362
0.861000 0.927901
0.862000 0.928440
0.863000 0.928978
0.864000 0.929516
0.865000 0.930054
0.866000 0.930591
0.867000 0.931129
0.868000 0.931665
0.869000 0.932202
0.870000 0.932738
0.871000 0.933274
0.872000 0.933810
0.873000 0.934345
0.874000 0.934880
0.875000 0.935414
0.876000 0.935949
0.877000 0.936483
0.878000 0.937017
0.879000 0.937550
0.880000 0.938083
0.881000 0.938616
0.882000 0.939149
0.883000 0.939681
0.884000 0.940213
0.885000 0.940745
0.886000 0.941276
0.887000 0.941807
0.888000 0.942338
0.889000 0.942868
0.890000 0.943398
0.891000 0.943928
0.892000 0.944458
0.893000 0.944987
0.894000 0.945516
0.895000 0.946045
0.896000 0.946573
0.897000 0.947101
0.898000 0.947629
0.899000 0.948156
0.900000 0.948683
0.901000 0.949210
0.902000 0.949737
0.903000 0.950263
0.904000 0.950789
0.905000 0.951315
0.906000 0.951840
0.907000 0.952366
0.908000 0.952890
0.909000 0.953415
0.910000 0.953939
0.911000 0.954463
0.912000 0.954987
0.913000 0.955510
0.914000 0.956034
0.915000 0.956556
0.916000 0.957079
0.917000 0.957601
0.918000 0.958123
0.919000 0.958645
0.920000 0.959166
0.921000 0.959688
0.922000 0.960208
0.923000 0.960729
0.924000 0.961249
0.925000 0.961769
0.926000 0.962289
0.927000 0.962809
0.928000 0.963328
0.929000 0.963847
0.930000 0.964365
0.931000 0.964884
0.932000 0.965402
0.933000 0.965919
0.934000 0.966437
0.935000 0.966954
0.936000 0.967471
0.937000 0.967988
0.938000 0.968504
0.939000 0.969020
0.940000 0.969536
0.941000 0.970052
0.942000 0.970567
0.943000 0.971082
0.944000 0.971597
0.945000 0.972111
0.946000 0.972625
0.947000 0.973139
0.948000 0.973653
0.949000 0.974166
0.950000 0.974680
0.951000 0.975192
0.952000 0.975705
0.953000 0.976217
0.954000 0.976729
0.955000 0.977241
0.956000 0.977753
0.957000 0.978264
0.958000 0.978775
0.959000 0.979286
0.960000 0.979796
0.961000 0.980306
0.962000 0.980816
0.963000 0.981326
0.964000 0.981835
0.965000 0.982344
0.966000 0.982853
0.967000 0.983362
0.968000 0.983870
0.969000 0.984378
0.970000 0.984886
0.971000 0.985393
0.972000 0.985901
0.973000 0.986408
0.974000 0.986915
0.975000 0.987421
0.976000 0.987927
0.977000 0.988433
0.978000 0.988939
0.979000 0.989444
0.980000 0.989950
0.981000 0.990455
0.982000 0.990959
0.983000 0.991464
0.984000 0.991968
0.985000 0.992472
0.986000 0.992975
0.987000 0.993479
0.988000 0.993982
0.989000 0.994485
0.990000 0.994988
0.991000 0.995490
0.992000 0.995992
0.993000 0.996494
0.994000 0.996996
0.995000 0.997497
0.996000 0.997998
0.997000 0.998499
0.998000 0.999000
0.999000 0.999500
