0.000000 0.500000
0.010000 0.260000
0.020000 0.168462
0.030000 0.173272
0.040000 0.202061
0.050000 0.224755
0.060000 0.245856
0.070000 0.265288
0.080000 0.283424
0.090000 0.300485
0.100000 0.316640
0.110000 0.332019
0.120000 0.346722
0.130000 0.360831
0.140000 0.374412
0.150000 0.387520
0.160000 0.400201
0.170000 0.412494
0.180000 0.424432
0.190000 0.436045
0.200000 0.447357
0.210000 0.458390
0.220000 0.469165
0.230000 0.479699
0.240000 0.490006
0.250000 0.500102
0.260000 0.509998
0.270000 0.519706
0.280000 0.529236
0.290000 0.538598
0.300000 0.547800
0.310000 0.556850
0.320000 0.565756
0.330000 0.574523
0.340000 0.583159
0.350000 0.591669
0.360000 0.600059
0.370000 0.608333
0.380000 0.616495
0.390000 0.624552
0.400000 0.632506
0.410000 0.640361
0.420000 0.648121
0.430000 0.655789
0.440000 0.663368
0.450000 0.670862
0.460000 0.678273
0.470000 0.685605
0.480000 0.692858
0.490000 0.700037
0.500000 0.707142
0.510000 0.714177
0.520000 0.721144
0.530000 0.728044
0.540000 0.734879
0.550000 0.741651
0.560000 0.748362
0.570000 0.755013
0.580000 0.761606
0.590000 0.768142
0.600000 0.774624
0.610000 0.781051
0.620000 0.787427
0.630000 0.793751
0.640000 0.800025
0.650000 0.806250
0.660000 0.812427
0.670000 0.818558
0.680000 0.824644
0.690000 0.830684
0.700000 0.836682
0.710000 0.842636
0.720000 0.848549
0.730000 0.854421
0.740000 0.860252
0.750000 0.866045
0.760000 0.871799
0.770000 0.877515
0.780000 0.883194
0.790000 0.888837
0.800000 0.894445
0.810000 0.900017
0.820000 0.905555
0.830000 0.911060
0.840000 0.916531
0.850000 0.921970
0.860000 0.927378
0.870000 0.932753
0.880000 0.938098
0.890000 0.943413
0.900000 0.948698
0.910000 0.953954
0.920000 0.959181
0.930000 0.964379
0.940000 0.969550
0.950000 0.974693
0.960000 0.979809
0.970000 0.984899
0.980000 0.989962
0.990000 0.995000
